3923513,2770279,3866712,2438950
675683,3223762,-224297,2997209
129453,2652332,92656,2629486
3906125,2154618,3866712,2438950
65723,902062,92656,2629486
3137156,2876347,2907507,3100765
32848,2676435,92656,2629486
3272472,3445147,2907507,3100765
2926008,128948,3089364,-501737
2975,2769838,92656,2629486
3540455,2469135,3866712,2438950
3674809,2062166,3719980,2000000
3693706,2027384,3719980,2000000
3869683,2291983,3866712,2438950
2666499,2796436,2650643,2489479
492,2601991,92656,2629486
2710282,3892347,2907507,3100765
28974,3971342,-224297,2997209
3990214,2399722,3866712,2438950
3853352,1009020,3719980,2000000
1231833,3999338,1313797,4674300
2083669,875035,1369276,-160751
1317274,2146819,2650643,2489479
3712875,2018770,3719980,2000000
963055,23644,1369276,-160751
3671967,64054,3089364,-501737
3109065,2222392,2650643,2489479
3218890,1517419,3719980,2000000
3856777,3987650,4166706,3171774
1912696,3392788,2907507,3100765
3597620,3100104,4166706,3171774
